0.7992333173751831
0.869866669178009
0.8829333186149597
0.8863999843597412
0.8899499773979187
0.891700029373169
0.8937666416168213
0.89451664686203
0.8964333534240723
0.8978666663169861
0.8975833058357239
0.8994500041007996
0.8997166752815247
0.8993333578109741
0.9003666639328003
0.9008166790008545
0.9017833471298218
0.9008833169937134
0.9014000296592712
0.9017333388328552
0.9016000032424927
0.903083324432373
0.9035833477973938
0.9016333222389221
0.9048666954040527
0.9048333168029785
0.9032833576202393
0.9036666750907898
0.9040833115577698
0.9056000113487244
