0.6773144006729126
0.44626477360725403
0.41181236505508423
0.39362525939941406
0.38631588220596313
0.38033223152160645
0.37304797768592834
0.3689037561416626
0.3622977137565613
0.35828033089637756
0.3579844832420349
0.3526593744754791
0.35036468505859375
0.34842899441719055
0.3456449508666992
0.34496185183525085
0.34564512968063354
0.34217897057533264
0.34194815158843994
0.3394910991191864
0.3402806222438812
0.3374573886394501
0.3386683166027069
0.34176695346832275
0.33433613181114197
0.33347293734550476
0.33347684144973755
0.33550989627838135
0.3321950137615204
0.3289385437965393
